2.82302
3.18772
2.6879
2.39028
2.24286
2.15338
2.07572
1.44466
1.72996
1.35343
0.778364
0.86472
0.599959
0.477169
0.49809
0.30156
0.266517
0.188306
0.12871
0.0790287
0.0859215
0.0506413
0.0404758
0.0249231
0.0220021
0.0148388
0.0101706
0.00963563
0.00589639
0.00468339
0.00395809
0.00278211
0.00214675
0.00150253
0.00118513
0.000743419
0.00052458
0.000399292
0.00027205
0.000201389
0.00024645
0.00022833
0.000223756
8.27461e-05
5.74738e-05
4.80115e-05
3.58373e-05
4.05014e-05
2.15769e-05
1.83582e-05
1.24127e-05
9.05991e-06
